(a (1-x)^2 + 2 b (1-x) x + c x^2) (1-y)^2 +
2 (d (1-x)^2 + 2 e (1-x) x + f x^2) (1-y) y +
(g (1-x)^2 + 2 h (1-x) x + i x^2) y^2;
 x = [ 0.000000 , 1.000000 ];
 y = [ 0.000000 , 1.000000 ];
 a = -0.072970;
 b = -0.007722;
 c = 0.062125;
 d = -0.070597;
 e = -0.005348;
 f = 0.064498;
 g = -0.063250;
 h = 0.001642;
 i = 0.071470;
 acurve_coarse = 80;
 acurve_fine = 1000;
 acurve_colour = 0;
 acurve_precision = 6;
