x^2 + y^2 = 1;
x^2 + z^2 = 1;
y^2 + w^2 = 1;


 x = [ -1.140000 , 1.030000 ];
 y = [ -1.130000 , 1.040000 ];
 z = [ -1.120000 , 1.050000 ];
 w = [ -1.110000 , 1.060000 ];
 int_coarse = 8;
 int_fine = 64;
 int_faces = 256;
 int_edges = 8192;
 int_precision = 1;
